120345589
35401935
1507187
145716620
97857683
120343420
57806741
72508423
49011134
57805039
57804902
57812465
97857514
35457090
97858093
57806966
57806538
173884627
48402180
43824908
57448236
57805943
53833679
35942579
35487535
43822755
75626630
44633599
125290209
116835755
125913850
43825694
21534310
42989489
57814140
29095434
114735999
116835752
43815138
35930994
54585431
5503699
116835743
29253138
101277712
72507258
57813006
79408776
141835771
61997711
116900000
99078137
41619698
126094456
150704971
19513215
2393841
13172540
181361799
165629142
138218159
131496823
8106059
141945282
41141351
29253126
41684062
116104776
138218208
51099736
134828249
34355183
143914870
42877869
174224360
43826213
1507193
41621249
145634351
57813567
43812996
54663041
134828296
72507692
34353865
53043487
33278003
177755980
138669513
21536383
41656164
116835779
43816310
165588723
972306
158597103
5444935
1507191
29090221
1507189
29098800
29090144
53968327
108480843
158597105
43817130
54736968
108794423
29253124
166134740
72033172
85307011
81807974
145633329
144259287
183320586
131496785
41621239
161937335
29100450
131496776
41683856
152296696
41684056
75626397
55081411
116726527
5444951
131496915
20224802
172215453
55085083
108794381
137176578
29253172
144483200
141964545
50741972
68684903
186117283
68437259
41621245
69238901
166134098
70511533
134828254
116835784
41621255
20225327
138218185
41621221
155022623
5900589
115123605
143915066
137181532
53277650
131496791
42985982
55084438
116835794
35872549
168060186
68690953
145640541
116835753
170399321
160832182
161010715
116835758
35452334
116835760
53490311
68440924
116900023
178256483
174224329
141964838
21516727
29090827
68683873
161936573
152296688
44526275
116835796
42905490
48324726
51736730
166134808
99077838
157427255
178265013
7952791
68439055
43815586
52674917
137153331
14298693
41621247
41141355
29093720
54585744
68438333
43823879
174382589
98965883
21536453
72112749
119448232
132820705
41621219
116835768
55992878
44893055
166133775
41934541
41221003
138218204
130769757
41934539
123779766
181185286
168518018
143914378
141260760
48847647
41634619
119409718
41656198
116566647
48844283
88074824
68491073
116899991
116726552
53276413
181185846
2239041
138218140
68691031
115123590
149148329
169396668
138218180
41220983
53469514
162481684
155160644
115123596
136011708
174423246
61994537
34917452
175687049
141964939
44382391
103390667
52612573
50743637
181185327
43816717
108489954
130043196
181185406
190229553
181343505
137133217
190229615
190229627
3721161
168871867
41141357
68619826
76125757
177920332
176427769
170602992
116835764
134918188
181185326
147953627
4617141
21243946
34917812
179169496
52729789
102405468
181185323
114355924
131496777
68683850
150840672
41683666
116105466
168085417
125290317
173391822
174430880
122295109
181185812
166134103
19245056
52806566
59376407
166133988
87966739
114356013
52727765
177757793
41228398
177756942
41824562
138218167
155022445
134441839
165655300
178220798
181185512
181185552
155108188
190229618
46186889
134828265
59322109
43821378
116900063
116900011
181185781
181185318
77986315
41621229
118516074
41683688
41141348
179169351
181185799
176688367
190229591
114355959
52614506
134622296
190229613
190229607
113545406
122221727
138218152
176425302
46187905
131998290
143915069
175434891
181185401
46186752
153081240
122363623
166078281
132881110
168867279
141734602
108794369
161930613
162021400
186117319
181185421
181185772
181185824
41683961
6184309
181185844
181185356
17622609
45411923
114355964
34621640
46187544
45412061
89897699
181185808
186117306
116123459
111948259
16253756
177747325
171171138
129141061
168312452
170571847
32705487
147724738
144476262
135561009
174224338
178293530
181185494
150857144
154154333
155433884
138218172
170399062
151573887
21244133
142392954
46187117
108895097
46186391
181185619
129137852
186117280
181185746
115879976
20882616
122297409
150045322
111177683
171467128
171657477
179169571
162168322
153078482
45411953
124973625
181185345
181185649
45411905
165030276
134800142
76205714
164058764
153773656
181185707
181185351
181185362
108895294
169396964
167009971
169191610
46186363
837675
35225144
177920324
161952991
119447567
46186513
46187573
46186612
46186528
161964626
46186877
155154408
181185543
46187006
46186364
46186930
161937213
116721519
177747278
167654541
169904231
183320789
155155383
134495543
181185595
178247225
181185810
166133886
114356022
52851577
178525699
178533475
178533008
178528160
167892407
170478330
165040874
181185665
147964340
181185534
181185578
46186645
46186739
181185813
181185794
181185568
170868002
181185446
116899993
164286798
166133729
181185436
181185322
181185725
181185344
181185736
166134579
46186642
181185720
164564272
161952983
148066872
25500505
122194760
161962398
189491948
162168400
161952993
162168772
181185558
178255548
173127816
181804617
166133821
139510968
164316044
181185497
181185706
181185792
181185724
181185438
181185434
181185410
166133565
181185414
181185742
179945822
68491474
181185484
166133914
19239889
41670548
166134420
181185597
46186716
142674075
116899985
161964739
161952962
165030419
166134064
164567825
134828347
155154777
169847029
24864304
181185685
181185306
181185607
181185367
181185431
181185750
107452847
169300858
183320786
170400699
86136514
138826741
111349150
177549087
161936987
177637639
181185350
131023561
46187203
145869368
159730788
161953011
164567668
164432197
168982946
136011793
181656864
177749564
172112735
41621225
153998434
171808455
164512860
172242943
46187751
46186471
178293096
172113114
129145139
177293905
172022690
117172894
170476173
169763848
136872253
171117817
172291220
172872285
165987520
177726844
168954691
170438494
177961068
170398645
177999201
177534520
153998376
149140642
153467083
172279721
46187588
168552299
170168728
171171658
34623852
46186433
158202156
169299149
178526155
171089760
178247628
138902791
172380132
113434482
116835771
116123572
153768663
161964662
177749418
177749488
134640227
159099904
173857051
161952996
169494892
116123494
171666160
173299188
167461934
177202706
116835744
172288339
169641979
157096501
173788434
164316008
181185415
46186580
179935771
116835748
68491256
162168490
161953030
145969541
178531676
178531629
178526368
178533199
178527913
178533384
178526404
150333010
177749530
136875593
169381447
177239335
173682158
116835751
178240779
161952964
161964401
133152532
181185333
174445232
170288153
164055369
170922963
178527846
178525600
178526309
178594549
172021729
188543143
185995294
139644129
171171145
162168445
162168591
162169152
161966205
161964898
46186492
46186390
171277083
104709472
169083080
161964651
148551633
161964674
162169644
162168569
169330811
29604620
168086135
169194280
167897968
165616272
170329840
46186459
131263970
108037311
158886342
169252370
93026380
170748524
178528196
178531495
178531543
168869690
154853639
172022191
157153896
164055483
105100043
168104968
172411256
171809025
165652427
165227012
129141094
138897404
153768718
178293543
182130420
170250142
183892633
177243868
173245793
169230587
170753318
169375894
165235737
171010247
172347651
119926973
163842702
168179451
170728327
166095696
115699853
138904863
165947129
180016660
145398187
165926146
158884728
169259485
186285467
158595296
75517613
183334529
166058661
169459884
117198046
113408151
169232223
169307533
177481355
169902278
177201005
169329284
186632934
171178426
165922885
167927277
180719565
157087041
169880209
171891701
171172195
153998475
114809857
52053461
163894479
171975798
172305693
169217894
169905586
149140713
112136898
169346795
114359679
110197769
112605037
168546448
172475602
171654046
176127059
176476174
170870582
136012116
6614393
155041488
181185816
177961016
118516351
172391419
154853620
176695562
117808215
164328218
115819393
108966402
162478663
170477713
153773877
153998417
170312524
169388517
179058295
136866264
172341775
116835788
116835786
181185485
157101111
142996124
6619627
129453916
136400718
140158571
155933177
144462443
55777977
127958915
177265260
68491978
108246137
177960954
163027478
172374604
139982804
134020599
131390884
169197241
123130795
68491768
159100149
115331981
116835790
170431779
92602092
15606910
171671374
179408287
169409080
171512046
168554928
147723922
149383965
113318755
145406122
170346894
169848989
168555922
148066818
176236404
134483226
166370132
116835780
169302654
138776785
116835778
176717339
122426654
183488172
155246947
169900405
177972352
55776182
158851014
121019391
136469630
148066839
151553024
154454317
137467279
161457402
164326512
178294066
136469519
115282643
134483343
145408751
140159022
134495959
152025402
10735840
167897167
172449599
168901952
188829234
169269764
76373085
146371489
55778854
170899773
168317383
119023108
170925359
182127777
181925174
181185606
171006078
165929315
172632016
176228388
172287738
188480655
172020223
149187158
171319819
176224994
168518440
173642819
164316398
118556423
177945594
166346292
184794529
169394654
153511509
165912908
163163462
169627781
189598619
182126022
181998403
153651795
170853055
169400591
153998391
110198503
164079712
176674651
74795697
165669623
169201349
168120889
173695479
171584690
172387446
179999031
176249541
177753193
176505674
21412456
165915804
165938864
180595433
172268801
172113291
169340008
169120440
169657319
170727742
171876045
169232378
119447513
148964062
168546588
172280224
148066932
133152005
176418826
186253777
165913070
169127730
165926137
165669668
172341884
190732041
169880235
179425656
138827454
169328875
172381434
161457474
188374403
172424794
167902492
188374829
144754172
155251919
100760542
159096539
170900622
171548026
171132652
173655266
148066882
169252701
171975892
172021703
173673565
173391973
180973056