124742926
125897193
155530350
133629975
125013938
144923785
124903733
176472430
143338711
155831428
164562725
155530342
74556865
155530329
151839036
155830363
155830350
180396144
152350925
155530360
155530380
174211114
140758660
138324661
155890479
188749453
147356548
183743642
146952333
144870451
187302002
155530394
155530336
163871623
160759052
163871479
154224308
122650055
163871498
143022294
163871510
163871627
70692033
184410215
155830354
173404215
155530368
151839049
124742926
125897193
155530350
133629975
125013938
144923785
124903733
176472430
143338711
155831428
164562725
155530342
74556865
155530329
151839036
155830363
155830350
180396144
152350925
155530360
155530380
174211114
140758660
138324661
155890479
188749453
147356548
183743642
146952333
144870451
187302002
155530394
155530336
163871623
160759052
163871479
154224308
122650055
163871498
143022294
163871510
163871627
70692033
184410215
155830354
173404215
155530368
151839049
124742926
125897193
155530350
133629975
125013938
144923785
124903733
176472430
143338711
155831428
164562725
155530342
74556865
155530329
151839036
155830363
155830350
180396144
152350925
155530360
155530380
174211114
140758660
138324661
155890479
188749453
147356548
183743642
146952333
144870451
187302002
155530394
155530336
163871623
160759052
163871479
154224308
122650055
163871498
143022294
163871510
163871627
70692033
184410215
155830354
173404215
155530368
151839049
124742926
125897193
155530350
133629975
125013938
144923785
124903733
176472430
143338711
155831428
164562725
155530342
74556865
155530329
151839036
155830363
155830350
180396144
152350925
155530360
155530380
174211114
140758660
138324661
155890479
188749453
147356548
183743642
146952333
144870451
187302002
155530394
155530336
163871623
160759052
163871479
154224308
122650055
163871498
143022294
163871510
163871627
70692033
184410215
155830354
173404215
155530368
151839049
124742926
125897193
155530350
133629975
125013938
144923785
124903733
176472430
143338711
155831428
164562725
155530342
74556865
155530329
151839036
155830363
155830350
180396144
152350925
155530360
155530380
174211114
140758660
138324661
155890479
188749453
147356548
183743642
146952333
144870451
187302002
155530394
155530336
163871623
160759052
163871479
154224308
122650055
163871498
143022294
163871510
163871627
70692033
184410215
155830354
173404215
155530368
151839049
124742926
125897193
155530350
133629975
125013938
144923785
124903733
176472430
143338711
155831428
164562725
155530342
74556865
155530329
151839036
155830363
155830350
180396144
152350925
155530360
155530380
174211114
140758660
138324661
155890479
188749453
147356548
183743642
146952333
144870451
187302002
155530394
155530336
163871623
160759052
163871479
154224308
122650055
163871498
143022294
163871510
163871627
70692033
184410215
155830354
173404215
155530368
151839049
124742926
125897193
155530350
133629975
125013938
144923785
124903733
176472430
143338711
155831428
164562725
155530342
74556865
155530329
151839036
155830363
155830350
180396144
152350925
155530360
155530380
174211114
140758660
138324661
155890479
188749453
147356548
183743642
146952333
144870451
187302002
155530394
155530336
163871623
160759052
163871479
154224308
122650055
163871498
143022294
163871510
163871627
70692033
184410215
155830354
173404215
155530368
151839049
124742926
125897193
155530350
133629975
125013938
144923785
124903733
176472430
143338711
155831428
164562725
155530342
74556865
155530329
151839036
155830363
155830350
180396144
152350925
155530360
155530380
174211114
140758660
138324661
155890479
188749453
147356548
183743642
146952333
144870451
187302002
155530394
155530336
163871623
160759052
163871479
154224308
122650055
163871498
143022294
163871510
163871627
70692033
184410215
155830354
173404215
155530368
151839049
124742926
125897193
155530350
133629975
125013938
144923785
124903733
176472430
143338711
155831428
164562725
155530342
74556865
155530329
151839036
155830363
155830350
180396144
152350925
155530360
155530380
174211114
140758660
138324661
155890479
188749453
147356548
183743642
146952333
144870451
187302002
155530394
155530336
163871623
160759052
163871479
154224308
122650055
163871498
143022294
163871510
163871627
70692033
184410215
155830354
173404215
155530368
151839049
124742926
125897193
155530350
133629975
125013938
144923785
124903733
176472430
143338711
155831428
164562725
155530342
74556865
155530329
151839036
155830363
155830350
180396144
152350925
155530360
155530380
174211114
140758660
138324661
155890479
188749453
147356548
183743642
146952333
144870451
187302002
155530394
155530336
163871623
160759052
163871479
154224308
122650055
163871498
143022294
163871510
163871627
70692033
184410215
155830354
173404215
155530368
151839049
124742926
125897193
155530350
133629975
125013938
144923785
124903733
176472430
143338711
155831428
164562725
155530342
74556865
155530329
151839036
155830363
155830350
180396144
152350925
155530360
155530380
174211114
140758660
138324661
155890479
188749453
147356548
183743642
146952333
144870451
187302002
155530394
155530336
163871623
160759052
163871479
154224308
122650055
163871498
143022294
163871510
163871627
70692033
184410215
155830354
173404215
155530368
151839049
124742926
125897193
155530350
133629975
125013938
144923785
124903733
176472430
143338711
155831428
164562725
155530342
74556865
155530329
151839036
155830363
155830350
180396144
152350925
155530360
155530380
174211114
140758660
138324661
155890479
188749453
147356548
183743642
146952333
144870451
187302002
155530394
155530336
163871623
160759052
163871479
154224308
122650055
163871498
143022294
163871510
163871627
70692033
184410215
155830354
173404215
155530368
151839049
124742926
125897193
155530350
133629975
125013938
144923785
124903733
176472430
143338711
155831428
164562725
155530342
74556865
155530329
151839036
155830363
155830350
180396144
152350925
155530360
155530380
174211114
140758660
138324661
155890479
188749453
147356548
183743642
146952333
144870451
187302002
155530394
155530336
163871623
160759052
163871479
154224308
122650055
163871498
143022294
163871510
163871627
70692033
184410215
155830354
173404215
155530368
151839049
124742926
125897193
155530350
133629975
125013938
144923785
124903733
176472430
143338711
155831428
164562725
155530342
74556865
155530329
151839036
155830363
155830350
180396144
152350925
155530360
155530380
174211114
140758660
138324661
155890479
188749453
147356548
183743642
146952333
144870451
187302002
155530394
155530336
163871623
160759052
163871479
154224308
122650055
163871498
143022294
163871510
163871627
70692033
184410215
155830354
173404215
155530368
151839049
124742926
125897193
155530350
133629975
125013938
144923785
124903733
176472430
143338711
155831428
164562725
155530342
74556865
155530329
151839036
155830363
155830350
180396144
152350925
155530360
155530380
174211114
140758660
138324661
155890479
188749453
147356548
183743642
146952333
144870451
187302002
155530394
155530336
163871623
160759052
163871479
154224308
122650055
163871498
143022294
163871510
163871627
70692033
184410215
155830354
173404215
155530368
151839049
124742926
125897193
155530350
133629975
125013938
144923785
124903733
176472430
143338711
155831428
164562725
155530342
74556865
155530329
151839036
155830363
155830350
180396144
152350925
155530360
155530380
174211114
140758660
138324661
155890479
188749453
147356548
183743642
146952333
144870451
187302002
155530394
155530336
163871623
160759052
163871479
154224308
122650055
163871498
143022294
163871510
163871627
70692033
184410215
155830354
173404215
155530368
151839049
124742926
125897193
155530350
133629975
125013938
144923785
124903733
176472430
143338711
155831428
164562725
155530342
74556865
155530329
151839036
155830363
155830350
180396144
152350925
155530360
155530380
174211114
140758660
138324661
155890479
188749453
147356548
183743642
146952333
144870451
187302002
155530394
155530336
163871623
160759052
163871479
154224308
122650055
163871498
143022294
163871510
163871627
70692033
184410215
155830354
173404215
155530368
151839049
124742926
125897193
155530350
133629975
125013938
144923785
124903733
176472430
143338711
155831428
164562725
155530342
74556865
155530329
151839036
155830363
155830350
180396144
152350925
155530360
155530380
174211114
140758660
138324661
155890479
188749453
147356548
183743642
146952333
144870451
187302002
155530394
155530336
163871623
160759052
163871479
154224308
122650055
163871498
143022294
163871510
163871627
70692033
184410215
155830354
173404215
155530368
151839049
124742926
125897193
155530350
133629975
125013938
144923785
124903733
176472430
143338711
155831428
164562725
155530342
74556865
155530329
151839036
155830363
155830350
180396144
152350925
155530360
155530380
174211114
140758660
138324661
155890479
188749453
147356548
183743642
146952333
144870451
187302002
155530394
155530336
163871623
160759052
163871479
154224308
122650055
163871498
143022294
163871510
163871627
70692033
184410215
155830354
173404215
155530368
151839049
124742926
125897193
155530350
133629975
125013938
144923785
124903733
176472430
143338711
155831428
164562725
155530342
74556865
155530329
151839036
155830363
155830350
180396144
152350925
155530360
155530380
174211114
140758660
138324661
155890479
188749453
147356548
183743642
146952333
144870451
187302002
155530394
155530336
163871623
160759052
163871479
154224308
122650055
163871498
143022294
163871510
163871627
70692033
184410215
155830354
173404215
155530368
151839049
124742926
125897193
155530350
133629975
125013938
144923785
124903733
176472430
143338711
155831428
164562725
155530342
74556865
155530329
151839036
155830363
155830350
180396144
152350925
155530360
155530380
174211114
140758660
138324661
155890479
188749453
147356548
183743642
146952333
144870451
187302002
155530394
155530336
163871623
160759052
163871479
154224308
122650055
163871498
143022294
163871510
163871627
70692033
184410215
155830354
173404215
155530368
151839049
124742926
125897193
155530350
133629975
125013938
144923785
124903733
176472430
143338711
155831428
164562725
155530342
74556865
155530329
151839036
155830363
155830350
180396144
152350925
155530360
155530380
174211114
140758660
138324661
155890479
188749453
147356548
183743642
146952333
144870451
187302002
155530394
155530336
163871623
160759052
163871479
154224308
122650055
163871498
143022294
163871510
163871627
70692033
184410215
155830354
173404215
155530368
151839049
124742926
125897193
155530350
133629975
125013938
144923785
124903733
176472430
143338711
155831428
164562725
155530342
74556865
155530329
151839036
155830363
155830350
180396144
152350925
155530360
155530380
174211114
140758660
138324661
155890479
188749453
147356548
183743642
146952333
144870451
187302002
155530394
155530336
163871623
160759052
163871479
154224308
122650055
163871498
143022294
163871510
163871627
70692033
184410215
155830354
173404215
155530368
151839049
124742926
125897193
155530350
133629975
125013938
144923785
124903733
176472430
143338711
155831428
164562725
155530342
74556865
155530329
151839036
155830363
155830350
180396144
152350925
155530360
155530380
174211114
140758660
138324661
155890479
188749453
147356548
183743642
146952333
144870451
187302002
155530394
155530336
163871623
160759052
163871479
154224308
122650055
163871498
143022294
163871510
163871627
70692033
184410215
155830354
173404215
155530368
151839049
124742926
125897193
155530350
133629975
125013938
144923785
124903733
176472430
143338711
155831428
164562725
155530342
74556865
155530329
151839036
155830363
155830350
180396144
152350925
155530360
155530380
174211114
140758660
138324661
155890479
188749453
147356548
183743642
146952333
144870451
187302002
155530394
155530336
163871623
160759052
163871479
154224308
122650055
163871498
143022294
163871510
163871627
70692033
184410215
155830354
173404215
155530368
151839049
124742926
125897193
155530350
133629975
125013938
144923785
124903733
176472430
143338711
155831428
164562725
155530342
74556865
155530329
151839036
155830363
155830350
180396144
152350925
155530360
155530380
174211114
140758660
138324661
155890479
188749453
147356548
183743642
146952333
144870451
187302002
155530394
155530336
163871623
160759052
163871479
154224308
122650055
163871498
143022294
163871510
163871627
70692033
184410215
155830354
173404215
155530368
151839049
124742926
125897193
155530350
133629975
125013938
144923785
124903733
176472430
143338711
155831428
164562725
155530342
74556865
155530329
151839036
155830363
155830350
180396144
152350925
155530360
155530380
174211114
140758660
138324661
155890479
188749453
147356548
183743642
146952333
144870451
187302002
155530394
155530336
163871623
160759052
163871479
154224308
122650055
163871498
143022294
163871510
163871627
70692033
184410215
155830354
173404215
155530368
151839049
124742926
125897193
155530350
133629975
125013938
144923785
124903733
176472430
143338711
155831428
164562725
155530342
74556865
155530329
151839036
155830363
155830350
180396144
152350925
155530360
155530380
174211114
140758660
138324661
155890479
188749453
147356548
183743642
146952333
144870451
187302002
155530394
155530336
163871623
160759052
163871479
154224308
122650055
163871498
143022294
163871510
163871627
70692033
184410215
155830354
173404215
155530368
151839049
124742926
125897193
155530350
133629975
125013938
144923785
124903733
176472430
143338711
155831428
164562725
155530342
74556865
155530329
151839036
155830363
155830350
180396144
152350925
155530360
155530380
174211114
140758660
138324661
155890479
188749453
147356548
183743642
146952333
144870451
187302002
155530394
155530336
163871623
160759052
163871479
154224308
122650055
163871498
143022294
163871510
163871627
70692033
184410215
155830354
173404215
155530368
151839049
124742926
125897193
155530350
133629975
125013938
144923785
124903733
176472430
143338711
155831428
164562725
155530342
74556865
155530329
151839036
155830363
155830350
180396144
152350925
155530360
155530380
174211114
140758660
138324661
155890479
188749453
147356548
183743642
146952333
144870451
187302002
155530394
155530336
163871623
160759052
163871479
154224308
122650055
163871498
143022294
163871510
163871627
70692033
184410215
155830354
173404215
155530368
151839049
124742926
125897193
155530350
133629975
125013938
144923785
124903733
176472430
143338711
155831428
164562725
155530342
74556865
155530329
151839036
155830363
155830350
180396144
152350925
155530360
155530380
174211114
140758660
138324661
155890479
188749453
147356548
183743642
146952333
144870451
187302002
155530394
155530336
163871623
160759052
163871479
154224308
122650055
163871498
143022294
163871510
163871627
70692033
184410215
155830354
173404215
155530368
151839049
124742926
125897193
155530350
133629975
125013938
144923785
124903733
176472430
143338711
155831428
164562725
155530342
74556865
155530329
151839036
155830363
155830350
180396144
152350925
155530360
155530380
174211114
140758660
138324661
155890479
188749453
147356548
183743642
146952333
144870451
187302002
155530394
155530336
163871623
160759052
163871479
154224308
122650055
163871498
143022294
163871510
163871627
70692033
184410215
155830354
173404215
155530368
151839049
124742926
125897193
155530350
133629975
125013938
144923785
124903733
176472430
143338711
155831428
164562725
155530342
74556865
155530329
151839036
155830363
155830350
180396144
152350925
155530360
155530380
174211114
140758660
138324661
155890479
188749453
147356548
183743642
146952333
144870451
187302002
155530394
155530336
163871623
160759052
163871479
154224308
122650055
163871498
143022294
163871510
163871627
70692033
184410215
155830354
173404215
155530368
151839049
124742926
125897193
155530350
133629975
125013938
144923785
124903733
176472430
143338711
155831428
164562725
155530342
74556865
155530329
151839036
155830363
155830350
180396144
152350925
155530360
155530380
174211114
140758660
138324661
155890479
188749453
147356548
183743642
146952333
144870451
187302002
155530394
155530336
163871623
160759052
163871479
154224308
122650055
163871498
143022294
163871510
163871627
70692033
184410215
155830354
173404215
155530368
151839049
124742926
125897193
155530350
133629975
125013938
144923785
124903733
176472430
143338711
155831428
164562725
155530342
74556865
155530329
151839036
155830363
155830350
180396144
152350925
155530360
155530380
174211114
140758660
138324661
155890479
188749453
147356548
183743642
146952333
144870451
187302002
155530394
155530336
163871623
160759052
163871479
154224308
122650055
163871498
143022294
163871510
163871627
70692033
184410215
155830354
173404215
155530368
151839049
124742926
125897193
155530350
133629975
125013938
144923785
124903733
176472430
143338711
155831428
164562725
155530342
74556865
155530329
151839036
155830363
155830350
180396144
152350925
155530360
155530380
174211114
140758660
138324661
155890479
188749453
147356548
183743642
146952333
144870451
187302002
155530394
155530336
163871623
160759052
163871479
154224308
122650055
163871498
143022294
163871510
163871627
70692033
184410215
155830354
173404215
155530368
151839049
124742926
125897193
155530350
133629975
125013938
144923785
124903733
176472430
143338711
155831428
164562725
155530342
74556865
155530329
151839036
155830363
155830350
180396144
152350925
155530360
155530380
174211114
140758660
138324661
155890479
188749453
147356548
183743642
146952333
144870451
187302002
155530394
155530336
163871623
160759052
163871479
154224308
122650055
163871498
143022294
163871510
163871627
70692033
184410215
155830354
173404215
155530368
151839049
124742926
125897193
155530350
133629975
125013938
144923785
124903733
176472430
143338711
155831428
164562725
155530342
74556865
155530329
151839036
155830363
155830350
180396144
152350925
155530360
155530380
174211114
140758660
138324661
155890479
188749453
147356548
183743642
146952333
144870451
187302002
155530394
155530336
163871623
160759052
163871479
154224308
122650055
163871498
143022294
163871510
163871627
70692033
184410215
155830354
173404215
155530368
151839049
124742926
125897193
155530350
133629975
125013938
144923785
124903733
176472430
143338711
155831428
164562725
155530342
74556865
155530329
151839036
155830363
155830350
180396144
152350925
155530360
155530380
174211114
140758660
138324661
155890479
188749453
147356548
183743642
146952333
144870451
187302002
155530394
155530336
163871623
160759052
163871479
154224308
122650055
163871498
143022294
163871510
163871627
70692033
184410215
155830354
173404215
155530368
151839049