121635152
69764541
83432000
13362558
52597663
72882553
56697257
34271371
140416366
48323805
177328289
37411897
104651900
173865570
104314401
71148761
115266692
115323121
32413721
58462050
145289356
3640427
137561095
91985053
111153025
12422005
72689369
76531748
35410612
100382935
76730161
115873770
111153121
179735872
134607508
381234
53982483
95497637
106362272
117035933
106362111
36311444
186434701
158582652
145287904
20613850
100382907
102140561
160309632
149969460
54683089
88797361
188535632
57498209
183481808
53900029
106362865
53261901
15499818
95039297
90135265
168373800
95039245
108239940
72711448
3640431
106362616
102140545
134584041
11081535
36312990
52723612
84565205
38076031
48752755
52332575
106362509
56730241
186578991
172936678
76588970
112108566
56793710
158392675
50412492
101932879
185465485
7653154
3640435
110694737
106362479
113670559
105740055
102140401
80625514
10718734
184895551
102140850
15309319
177626581
15180358
134592177
179436985
76065328
10189256
162159426
171547538
73810566
90984441
93752753
120150394
52344116
20304701
42240727
57870430
32742522
76117911
70624708
54411783
154260589
179436993
44836558
179159373
51306855
11801225
73175948
73410751
36830521
97069928
172067121
156275613
86956501
115254462
131498324
20337078
3640439
115017072
157835256
170516640
87057735
2388507
51731200
182736915
101862350
91622972
74792283
58268209
100105844
172377932
74792820
184235149
42535949
22113806
103474599
147175803
106362857
73853931
106362685
15877633
72291018
59266789
173999888
163831369
74244984
74860521
10684918
12416734
114945483
7103863
102140809
22080369
10002428
138049956
100125915
3640433
11746596
109709483
163739511
68347534
72711435
54632946
106362556
11259255
114895475
10161989
154447369
50315471
113117330
41093515
39324169
22367134
91986202
184878550
95648688
102141069
76048205
106362498
92551615
102140655
103870567
173406735
58296831
155619314
22483252
35943196
41540515
109079102
22401005
15077158
158812907
44607717
38293850
11259008
179546082
3640429
120183251
100383566
108501281
3640437
106362802
189464519
55108122
34258441
67870645
59291843
92552034
100383100
162873695
72092487
86955966
36984381
186348615
137439948
58907167
107447737
71950839
37158709
11801227
134624252
67871329
88809166
99506823
510929
36312870
156280821
92551549
36650043
99056184
76748072
137454926
138184033
60770703
115867554
175810126
100382896
102140747
76048640
53870538
92010567
173874254
106362320
66104777
106362317
21082739
92551271
3640447
161383433
112944555
108249872
1008715
37306453
34744384
77895836
187622581
173100586
145130766
95501160
1710723
136731557
106362486
34922931
92551348
137432610
75441270
16564402
109873355
92552200
100382904
180223010
51108228
35910330
41092564
3640423
184873830
20297984
20884600
32530065
42240721
160309189
13579549
142006784
77221731
130468019
55200181
160216998
59479145
160788413
184878548
3941479
42437505
20595688
172927052
174227972
19836710
10002420
32900061
156216692
155619320
22608953
163033743
138536567
53834484
184895620
10002411
23790662
71067652
99056117
36313111
177744792
117315623
32976044
179436998
71950238
102108362
183335382
54815031
127692140
127961965
164092359
127033290
184629951
11258998
164340770
173402788
20696799
46687535
181453862
510922
37320767
15309372
55002730
54640677
7760915
106362543
185820817
137502362
30754969
20351837
100131498
141235676
41092864
188266765
102140790
101931362
160684697
3738993
42780674
54441172
187011561
173168989
185816299
106362873
137501456
7458315
91022909
107798673
184873939
162156841
160395919
123447227
115254250
84877268
188658896
39358379
7637833
71951530
22080377
163831387
184886563
113455029
113915355
56194473
56196775
168426536
31817676
92552104
141128009
152105062
102075109
177061843
35410974
117315705
37159560
115254294
102140910
141421099
29810926
137152908
2884185
171059783
160801119
102075193
179059063
99039139
48117153
162778743
77761090
41149224
34521189
8096240
102140369
92551417
29810969
106362859
63951833
106362606
151757129
184250516
11436637
74792954
36328525
25762890
76066537
59245053
66747359
108716640
187619400
92551404
54159892
72166008
95648679
127032270
42969033
46772918
102075187
29676558
137456674
161379358
84566226
184878642
57759241
10671300
43070997
41273333
92551416
71948137
179063841
54031216
113117540
106150832
179056811
130024101
109109573
34515114
158391595
172477010
25979857
172919942
32583273
51568034
3640453
166658605
32823970
84879712
173904569
46772973
34822607
21101387
148023180
107798667
32975719
186984233
165146311
173608808
160893306
106362138
106150786
172082644
95250071
102075414
72868610
102141044
184333838
163565401
10688464
32412997
106362637
134929415
71938727
66109635
95250682
20620831
66776926
92551262
104269229
36434036
57767379
106362355
73497029
149520291
24980104
7412089
92551578
54360904
85553363
88222443
52327175
171874373
185449331
142791681
154718366
155618670
32855400
180592291
160212402
106362285
70524103
52285075
20532077
118419943
36328039
52685517
344011
41092333
137444908
19686189
102139998
95250343
32613943
155618771
11197181
10002414
55093442
112109798
32744907
127692211
158622130
14310281
113526605
48754589
183335623
139235214
54761201
46772967
73284728
19879030
72025572
73497218
102108300
32744649
171098414
175438063
155618726
137263430
137569868
137501828
187823518
39855266
109283038
155618654
106362788
71148162
118582462
137129381
924303
159440250
102140571
179584511
137480805
92551671
92552261
92551909
170024359
54432012
114944398
175533132
92551369
137592720
102140701
102075495
124687091
77220797
100384361
92551772
182104391
22480681
124170689
155618917
164092155
137409957
102075357
127033037
136482384
42108409
137432426
55809297
102140450
71938311
92551265
174036145
22172572
160785530
50493238
106362667
159693967
109283046
91846922
102140854
28536874
44876222
21543299
32196635
38114324
102140770
159824709
102140092
189643105
141235342
76758210
50277314
21281264
124483659
177403539
21543072
34155270
54624608
155618619
59245013
155619104
102074805
137569840
102141035
103870612
137569859
162354104
184878522
53982699
35406206
75368369
42843024
102075118
92552196
102140885
111955843
106362364
109109561
151950514
54395328
102140693
36336994
42954068
109109607
15125408
74792521
141125054
118582480
110916535
186691742
92552184
11258996
102140227
189604328
154447306
20702603
98242311
102075218
155618565
92146048
92551917
31023267
106362227
18030622
48525750
184895630
183052333
80365544
54878023
118582505
71978456
73346745
155619268
91833113
115694754
92551962
54878554
92552083
186233256
46620893
77221773
103870626
102074820
43368798
148749510
31818020
118582610
137375724
75369294
67110626
92551583
89315104
38292706
20275797
184878518
71070807
134278416
53902993
70638327
55002011
51518526
100383611
106362255
378436
100383097
173904508
155618763
44607632
155618641
39363661
188659510
20325587
76216220
141131776
102075299
175811914
41549144
102074946
90523671
2107061
177747458
121414014
21543286
106749710
92551662
185448348
137572670
92551759
185448130
113498300
118582559
106362269
92551340
92551505
154852134
173879112
155619165
55235692
163831417
137592717
180591830
127033514
101931396
102031706
184878591
54366172
176024720
110916505
32885773
35953747
155619227
103870577
41274081
172067123
89041485
49008560
50234951
173089388
66104803
27534600
127591624
186393450
54789503
102140416
106362162
69243849
52317263
92551726
92551738
102140713
22172834
173420569
33651709
102075213
174038836
179914046
92551333
155618948
29907186
162530673
39324784
77197222
92552325
16225463
160401160
19700492
103474618
74862932
173854193
184521841
34744781
21315541
106362213
104628441
43781122
21543152
7491309
38080297
168464143
36327994
95249758
41098561
22482312
114944294
172482908
77035780
163566452
173983911
137592663
117791420
42016742
171063549
127692515
74572406
32889092
92551454
123334047
170615087
114945709
181973300
89315122
23503339
23502960
59167091
8021607
72796113
24846545
142343813
92551305
37169806
48114887
11259251
177589603
161863326
19845247
169818652
169818169
25300739
91561548
36788303
51132768
48259483
170807032
127692115
27564347
175840933
141230699
40848896
180016896
32591592
118685541
174039960
137454947
46772920
95995253
52324875
50248653
171057752
67991817
162111931
106362597
183482862
35411938
113117278
22401003
122521464
89423767
162259930
11214113
161947325
184218365
114340238
176856161
128711591
50495716
117074749
161252625
19841724
160309624
49055966
70624662
86956006
13346481
55062966
55591451
51712080
137504553
51198635
155618940
92551847
52231691
172968914
180230641
102050404
113117482
107277537
36923074
91998853
179436986
150980772
180591105
171476383
74860166
179437002
137425185
137941369
41881459
22756866
60070520
14875288
20340948
109776153
11232643
53536450
155618740
88197081
16254062
49056163
43801188
92551708
102140847
7259335
37399718
41886966
32530127
155619312
44607900
58209768
39918919
65018419
52317297
143183384
46773007
37137531
72288580
73510315
73785829
158595638
41094702
56267234
146403809
72103224
176876131
163265597
127963676
102140574
181938686
53580441
161368605
55062036
141816109
11998217
33420325
117820612
36582696
33137669
177756958
158777474
54399907
20697928
146635248
120550013
26084143
41881548
35920676
39366983
37157330
155619183
39366839
107447711
40434021
106362882
72474014
49538876
173671118
143144638
36829812
155619278
11297483
178100865
159824394
41099296