55642260
158085449
104559668
152845926
84551579
101456524
96298744
107508737
76476010
141277728
91820082
107508328
155829482
167122928
113410326
108859587
92938023
155101258
167113763
141918980
109416516
121473832
91819083
139235947
118667009
109410219
91818933
101889617
24997865
141918272
66636938
141918585
141918335
91818843
74382566
92938025
69247453
126341832
108857591
73887152
121233635
167122629
138806003
128124640
91820048
141918749
74008043
114773637
124709154
95169688
177754100
109407659
95168803
94360751
185920551
155795252
99426544
96742458
111552720
87377803
92938931
177756625
166501447
97706042
155100385
122634500
54860413
116562247
96613101
75948534
96691059
98974045
143806878
107517030
91819325
95357915
122600374
22381783
91818949
127438499
109441847
101456714
117501936
166532762
187507848
135627424
151033864
91819961
91819145
127271511
113424702
167121802
108713662
174660824
122667436
97755706
117500033
129819087
56697335
177305050
133106062
152532401
51216250
113422790
16649430
100158496
49504083
12201683
104703752
75986980
127437761
91819028
92358447
101890048
130623957
177190730
58176783
163644205
177305051
109417045
122596554
14595367
96710539
99402736
22029085
129556922
84207886
46412302
93524021
113419994
113426878
173878346
173853267
122637831
160587380
127377724
174866913
185210983
116452653
133106055
181457928
112645307
166532048
186478643
113411463
183553333
122571002
174867018
165242917
75376521
114053654
112352150
151035223
140150591
174308103
32158716
122532508
167125160
187581688
168230473
161895885
63538203
178264761
127444880
73251341
177145219
107507815
122573648
109416486
107515359
165904240
122712874
76522708
83422000
174049122
83157421
104712018
107514823
131416902
185920210
174867178
75375246
186478214
107506249
103636395
149196195
107508028
28335475
135521713
174308128
100493487
122629162
113411321
108712383
92677200
113393859
114927023
163811136
177305288
131523691
151033792
122627139
81571301
177305084
178069619
140177703
177305066
141281629
181977039
59222196
104649974
171110412
182113362
164771050
122688894
120535440
151035884
141918338
109415698
168392599
113393973
177305159
122344572
74944868
90800405
126995308
187180159
141284449
167619396
150183952
70147938
183579301
169027839
84880863
165674147
148937268
186478235
114202808
113409706
113420394
95811984
122529019
135525464
176285260
80689500
99659728
122589462
118800773
72457641
127473278
177305036
174442442
166502231
134615779
116490772
22474027
139159489
56004823
22806804
174308091
141587753
171954439
95625193
113412164
113426143
169101291
63535366
75375233
141918539
147497028
149187726
184847372
112648835
110889992
112653924
92937497
73879163
160587708
135518652
109411609
168814037
139611103
88890522
99039141
151881760
113292826
177206362
71180336
141587625
95711787
166532094
72053392
89045814
118781998
107514538
75376430
70881974
160587914
107516130
90507691
131524875
150180085
141540561
154905117
187996882
187579703
113416798
109411113
178098772
113417410
88876346
88876647
175834341
151897125
113424027
113425431
167617493
178461310
154908782
134853113
114315367
184587504
160588284
113416342
103233574
141272834
70819133
100491370
171759699
171759504
186478953
70806614
167124369
84767775
75414850
88901151
88875604
117502785
186478294
95168976
70814620
173426078
75390548
174308105
185821703
167125945
181752573
168230513
88895480
81865403
75375440
112653279
76200992
112654134
125617951
144305713
174047394
141283503
51352967
147497017
107515409
24373487
88764441
168230508
33275400
95620299
117502466
95843935
56004984
88742586
95836073
68307053
146594896
107510758
88886033
88890022
88898085
95623308
33290473
117501630
88885007
13893220
117501014
117500141
95602596
40334263
57476619
88967642
117500514
95840727
123703227
56401684
48234472
116991277
117502606
104247910
13893112
142512811
68011741
166501792
94969937
111389878
117499921
117500796
99533347
142522490
95842974
142481442
128572233
55783933
14362636
142516158
116864255
125617795
142501086
95837657
85342994
142494107
56655480
142483045
55752252
55872144
95847404
61764857
166501170
95810035
117500112
15078875
55771423
55771585
88887394
111390043
122865418
123685262
57528492
88894092
142505696
115596731
85310617
76389139
169033172
81866486
94280081
91066273
57937453
95838047
96802089
88876516
95345768
96803182
117501275
95771483
88885700
95776592
95375663
61762816
142486101
95350043
88966000
40951602
122147510
48233942
142517897
95377050
166501944
95373528
51357491
71067553
142507557
142493796
104248237
86776527
51360835
57526419
142491488
174134442
40333262
108777617
95352484
95792101
55813478
40948209
95775719
121715028
108779243
95339246
134724880
85310544
49984669
55771181
88881591
115573517
102991603
182093586
40324998
95818320
61762677
40316544
95839975
108779775
125617715
95616045
180931736
51223295
117257497
113531699
14115296
85316942
100474260
166501287
40952728
81866500
102733971
99654377
14115346
117502133
85346968
85347264
122728649
111456275
121974722
85317536
48231521
100452010
122742656
57526400
40330903
95596712
122890187
55732923
40319882
40322938
111756158
122790033
14421137
169020136
121101947
48241644
40316369
40948322
48232678
93497614
177817751
14592499
122433829
44260016
117502308
117499936
97755319
114066291
50883736
108396075
51361051
113976460
84876860
46352953
113219763
111779127
88880467
125617596
57551860
94959255
57476894
125617983
85345495
81559100
95932645
153502051
95608113
57476621
123235851
122728120
57526389
88741781
51390522
96637744
111461157
122720231
48233774
118668157
57526464
85350177
51363901
117499863
173562065
40953500
48235161
40320047
85333430
40316132
51401869
61762390
164334412
95880731
93116424
16398564
123798264
40324469
40327711
173561545
142512722
74012393
122721654
166502618
97402981
36740867
95893168
40330852
85272788
122904617
117500159
85347075
142531832
142527275
122748442
117500743
122729734
174417111
85346834
123787337
14972569
76106167
129662493
71066034
40322293
55803060
95603981
123201911
85349987
117500557
88880487
94975914
85348124
48233911
55813716
76128480
85317957
85350589
122719866
95638777
81866124
40316763
142520785
40321093
95787582
51380154
13892950
108876010
122840851
95641968
13957595
95805927
71066375
95721614
122721756
88974897
121970907
88886207
88966895
117501021
85260173
19650961
40335482
76103982
95772064
57476641
48233831
76745882
88898353
85343493
124010295
122857745
122838474
55812022
133519217
133477372
48233939
85347233
85346414
95642941
88892152
123673197
85311117
133495820
52632699
40949622
11122305
40319266
134714724
48231120
40320028
51361804
46219460
48232073
51360798
85345215
95609388
48244787
40954450
40954821
40947875
119331814
173561578
51359143
55859620
40947557
40321064
13972461
40950044
12704814
16649428
21427889
36731124
56119997
51360739
48234732
184847518
96337964
40950506
123788056
42206092
40949308
55536135
55807266
51357845
55535258
117500619
86758073
123690770
40949692
135649433
40318008
40949733
138094451
93039895
51362039
40949868
47086912
112352847
48231170
51361969
51364956
40949572
48231453
48232008
117500295
40948492
41436012
46337475
46352770
40332565
85272922
115573441
173560886
173561222
111389571
184411243
40947471
51358294
40316790
40334553
142530290
55829827
51401371
133876121
51359033
41784068
95382679
46337337
177538788
40331176
48239403
130966113
51358058
155215826
112355311
95828260
48235220
51813697
40330152
51358810
46442360
97486247
48244599
164331244
180219219
40322493
48242132
48231060
51358910
51364722
46337343
40319342
51401611
11522030
51358474
46336777
51365608
40951933
55836511
46219433
91032216
112352956
85312288
33289971
130955032
112354543
85310583
179687378
40317251
95727704
51357737
96415780
51357950
95837818
95733057
48236878
51727787
51357874
94365321
56004873
12704835
53372964
85315873
51686399
96346735
48234212
51363150
51357467
98938340
123678926
123701786
40321563
112352938
112353450
51360977
46337174
48241498
40954619
88965988
41356394
51357688
88878648
36731158
88881434
51223533
87331853
85343820
71066092
12438781
55860572
40948006
130966452
116497333
122557983
81276531
142513714
123767138
130315407
40950523
123333570
95337542
117006834
137334655
142526983
35474232
46337466
38106389
112354515
118857299
97757171
133489646
142522969
118718135
126793728
123717403
96391540
88747315
48231465
40949270
48239193
40327944
95347613
81559091
112354189
111464240
142490153
95654771
95794358
130887879
106319987
85345879
40324936
108884178
176111458
111389384
95716142
123818083
139574782
85311936
95636707
112352230
48235501
46353128
51361194
112355192
126872348
130891399
142491261
123200819
95358946
123670211
108779335
40333706
95847506
85311696
52833030
168189699
46336473
46337909
108381784
169025097
112019163
40319239
51358465
111389104
51358652
40315983
95373249
142493134
123796730
95782730
108780638
95831055
112352641
40316607
48232783
48233896
111389380
111389178
112355144
122783212
51357509
68977413
95380638
59417147
40950358
94389320
108778412
130926633
94298384
95662967
111464242
111463946
123122972
46337300
11476380
51684086
40316770
97345196
51361061
130966821
40950105
40949590
31802557
40323156
40949523
95793228
93596408
48241461
10736071
95352982
142527972
112357227
46352773
40329985
40315996
99503876
94965095
95831598
95637852
13915176
46442246
115837918
108604868
95847455
36731411
123089017
40328496
108930713
119598363
81705981
133496498
36539725
119242233
112623482
106551329
95663634
123719120
119006522